    116
1o20_A      0.0000  0.4686  0.4649  0.4310  0.4073  0.5169  0.5182  0.5000  0.4807  0.5290  0.5483  0.5182  0.5338  0.5435  0.5604  0.5483  0.5109  0.4903  0.4552  0.5424  0.5293  0.5463  0.5351  0.5437  0.5496  0.5388  0.5763  0.5496  0.5521  0.5569  0.5642  0.5738  0.5593  0.5564  0.5666  0.5291  0.5403  0.5534  0.5534  0.5403  0.5961  0.5473  0.5364  0.5290  0.5377  0.5231  0.5596  0.5353  0.5655  0.5463  0.5400  0.5547  0.5707  0.6112  0.6044  0.6114  0.5990  0.5901  0.5887  0.5926  0.6074  0.6123  0.6123  0.5827  0.5825  0.6511  0.6568  0.6478  0.6667  0.6642  0.6528  0.6521  0.8365  0.8368  0.8179  0.8228  0.7953  0.8325  0.8196  0.8170  0.8048  0.8368  0.7966  0.8021  0.7942  0.7942  0.8074  0.7995  0.7995  0.7953  0.8360  0.8201  0.8165  0.8153  0.8109  0.8235  0.8564  0.8127  0.8359  0.8011  0.8047  0.8179  0.8117  0.8170  0.8090  0.8064  0.8403  0.8153  0.8100  0.8073  0.8005  0.8069  0.8122  0.8026  0.8005  0.8621
PROA_CLOAB  0.4686  0.0000  0.3669  0.3928  0.3865  0.4317  0.4684  0.4386  0.4940  0.5060  0.4916  0.4855  0.4916  0.4892  0.5229  0.5157  0.4757  0.4819  0.4868  0.5253  0.5085  0.4842  0.5157  0.5386  0.5325  0.5193  0.5325  0.5301  0.5518  0.5349  0.5494  0.5614  0.5687  0.5623  0.5157  0.5411  0.5377  0.5327  0.5545  0.5463  0.5642  0.5272  0.5481  0.4880  0.5267  0.5170  0.5243  0.5388  0.5472  0.5523  0.5518  0.5738  0.5426  0.5718  0.5697  0.5827  0.5659  0.5995  0.5809  0.5887  0.6020  0.6020  0.6020  0.6020  0.6150  0.6350  0.6308  0.6383  0.6210  0.6284  0.6513  0.6434  0.8311  0.8303  0.8220  0.8346  0.8151  0.8364  0.8316  0.8105  0.8223  0.8433  0.8249  0.8298  0.8141  0.8120  0.8220  0.8010  0.8036  0.7891  0.8110  0.7979  0.8074  0.8246  0.8226  0.8037  0.8497  0.8246  0.8320  0.8053  0.7932  0.8455  0.8289  0.8263  0.8158  0.8237  0.8472  0.8272  0.8325  0.8217  0.8125  0.8110  0.8110  0.8196  0.8099  0.8447
PROA_CLOTE  0.4649  0.3669  0.0000  0.3783  0.3705  0.4495  0.4964  0.4324  0.4710  0.4928  0.4928  0.4673  0.4903  0.5145  0.5362  0.5411  0.5073  0.4953  0.4868  0.5190  0.5158  0.5012  0.5024  0.5169  0.5096  0.5181  0.5452  0.5253  0.5277  0.5494  0.5325  0.5470  0.5494  0.5599  0.5157  0.5072  0.5304  0.5521  0.5666  0.5439  0.5569  0.5430  0.5548  0.5118  0.5168  0.5312  0.5288  0.5433  0.5588  0.5435  0.5274  0.5659  0.5564  0.5409  0.5928  0.5746  0.5732  0.5791  0.5971  0.5927  0.6034  0.6010  0.5912  0.5742  0.5755  0.6423  0.6357  0.6552  0.6601  0.6479  0.6731  0.6627  0.8377  0.8550  0.8406  0.8593  0.8397  0.8350  0.8231  0.8179  0.8438  0.8524  0.8478  0.8432  0.8406  0.8410  0.8226  0.8122  0.8223  0.8147  0.8351  0.8222  0.8264  0.8252  0.8221  0.8165  0.8763  0.8535  0.8564  0.8231  0.8133  0.8414  0.8231  0.8282  0.8103  0.8128  0.8232  0.8389  0.8535  0.8376  0.8046  0.8531  0.8351  0.8191  0.8087  0.8615
PROA_CLOPE  0.4310  0.3928  0.3783  0.0000  0.3966  0.3952  0.4453  0.3744  0.4324  0.4565  0.4903  0.4310  0.4589  0.4783  0.5000  0.4879  0.4612  0.4879  0.4734  0.5036  0.5012  0.5036  0.5133  0.5303  0.4940  0.5169  0.5398  0.5518  0.5542  0.5614  0.5542  0.5566  0.5759  0.5477  0.5036  0.5362  0.5280  0.5206  0.5400  0.5098  0.5642  0.5062  0.5400  0.4602  0.5000  0.5097  0.5267  0.5146  0.5424  0.5036  0.5349  0.5642  0.5572  0.5634  0.5501  0.5827  0.5512  0.5961  0.5872  0.5728  0.6158  0.6207  0.6034  0.6034  0.5752  0.6520  0.6576  0.6684  0.6502  0.6355  0.6610  0.6748  0.8333  0.8294  0.8132  0.8206  0.8141  0.8251  0.8280  0.7989  0.8187  0.8241  0.8249  0.8053  0.8211  0.8031  0.8158  0.7943  0.7891  0.7880  0.8364  0.8153  0.8196  0.7947  0.8062  0.8133  0.8464  0.7921  0.8130  0.7937  0.7895  0.8053  0.8016  0.8016  0.8122  0.7989  0.8099  0.8079  0.8105  0.7943  0.8010  0.8179  0.7995  0.7979  0.8141  0.8175
PROA_THETN  0.4073  0.3865  0.3705  0.3966  0.0000  0.4455  0.4632  0.4501  0.4623  0.4647  0.4891  0.4805  0.4915  0.4915  0.5353  0.5182  0.4730  0.4623  0.4528  0.5085  0.4717  0.4963  0.5036  0.5073  0.4866  0.4902  0.5207  0.4964  0.4866  0.5012  0.4915  0.5182  0.5036  0.5196  0.4842  0.5024  0.5184  0.5134  0.4988  0.4828  0.5575  0.5150  0.5437  0.5000  0.5221  0.5221  0.5368  0.5172  0.5428  0.5381  0.5207  0.5575  0.5417  0.5455  0.5432  0.5721  0.5714  0.5583  0.5965  0.5871  0.5856  0.5980  0.5682  0.5757  0.5526  0.6241  0.6444  0.6398  0.6469  0.6346  0.6406  0.6423  0.8333  0.8089  0.8241  0.8132  0.8042  0.8241  0.8206  0.8153  0.8245  0.8298  0.8079  0.8215  0.8163  0.8010  0.8084  0.8109  0.8031  0.8094  0.8237  0.8079  0.7937  0.8058  0.8170  0.7899  0.8390  0.8110  0.8290  0.7784  0.7900  0.8215  0.8206  0.8232  0.8100  0.8021  0.8260  0.8084  0.8163  0.8135  0.7990  0.8026  0.7947  0.8010  0.8120  0.8417
PROA_ENTFA  0.5169  0.4317  0.4495  0.3952  0.4455  0.0000  0.3422  0.3470  0.4699  0.5012  0.4747  0.4710  0.4217  0.4096  0.4265  0.4289  0.4345  0.4988  0.4928  0.5084  0.4720  0.4696  0.5036  0.4976  0.5036  0.5242  0.5229  0.5253  0.5373  0.5373  0.5349  0.5494  0.5590  0.5477  0.5036  0.5266  0.5207  0.5400  0.5593  0.5341  0.5642  0.5099  0.5446  0.4796  0.5218  0.5170  0.5243  0.5218  0.5400  0.5353  0.5470  0.5617  0.5766  0.5523  0.5477  0.5728  0.5488  0.5799  0.5662  0.5567  0.6020  0.5995  0.5921  0.6167  0.6005  0.6268  0.6324  0.6267  0.6495  0.6225  0.6408  0.6449  0.8070  0.8325  0.8373  0.8289  0.8486  0.8438  0.8311  0.8232  0.8324  0.8639  0.8531  0.8215  0.8346  0.8246  0.8399  0.7953  0.8187  0.7937  0.8342  0.8263  0.8333  0.8268  0.8247  0.7979  0.8390  0.8189  0.8290  0.8206  0.8241  0.8373  0.8311  0.8391  0.8232  0.8364  0.8312  0.8346  0.8373  0.8161  0.8120  0.8395  0.8447  0.8243  0.8172  0.8707
PROA_LACPL  0.5182  0.4684  0.4964  0.4453  0.4632  0.3422  0.0000  0.4199  0.4660  0.4976  0.4830  0.4842  0.4393  0.4466  0.4442  0.4539  0.4548  0.5413  0.4818  0.5401  0.5196  0.4975  0.5158  0.5488  0.5255  0.5415  0.5377  0.5231  0.5401  0.5547  0.5450  0.5645  0.5426  0.5591  0.4915  0.5439  0.5627  0.5317  0.5244  0.5504  0.5844  0.4875  0.5488  0.4806  0.5526  0.5501  0.5477  0.5550  0.5561  0.5588  0.5426  0.5697  0.5686  0.5805  0.5588  0.6219  0.5746  0.5732  0.5693  0.5484  0.5931  0.6005  0.6154  0.6377  0.6122  0.6444  0.6650  0.6595  0.6600  0.6501  0.6364  0.6553  0.8204  0.8395  0.8443  0.8598  0.8320  0.8115  0.8355  0.8435  0.8476  0.8474  0.8362  0.8522  0.8338  0.8342  0.8522  0.8021  0.8151  0.8058  0.8360  0.8307  0.8298  0.8311  0.8057  0.7861  0.8433  0.8311  0.8516  0.8196  0.8021  0.8259  0.8382  0.8249  0.8223  0.8196  0.8225  0.8232  0.8470  0.8151  0.7979  0.8386  0.8439  0.8312  0.8268  0.8462
PROA_LISIN  0.5000  0.4386  0.4324  0.3744  0.4501  0.3470  0.4199  0.0000  0.4482  0.4458  0.4602  0.4638  0.4337  0.4482  0.4458  0.4458  0.4612  0.5157  0.5097  0.5266  0.5012  0.5109  0.5145  0.5206  0.5217  0.5303  0.5217  0.5483  0.5604  0.5773  0.5628  0.5556  0.5749  0.5648  0.5483  0.5569  0.5610  0.5617  0.5666  0.5683  0.5801  0.5161  0.5157  0.4747  0.5170  0.5243  0.5461  0.5437  0.5593  0.5474  0.5580  0.5631  0.5669  0.5585  0.5613  0.6074  0.5780  0.6010  0.5897  0.5813  0.6232  0.6379  0.6108  0.6429  0.6102  0.6569  0.6552  0.6622  0.6675  0.6379  0.6634  0.6553  0.8472  0.8658  0.8470  0.8466  0.8451  0.8429  0.8435  0.8382  0.8529  0.8816  0.8531  0.8470  0.8391  0.8289  0.8470  0.8177  0.8385  0.8215  0.8624  0.8360  0.8298  0.8522  0.8368  0.8235  0.8642  0.8364  0.8516  0.8541  0.8179  0.8470  0.8276  0.8355  0.8435  0.8329  0.8486  0.8549  0.8496  0.8359  0.8504  0.8386  0.8598  0.8364  0.8373  0.8700
PROA_BACHD  0.4807  0.4940  0.4710  0.4324  0.4623  0.4699  0.4660  0.4482  0.0000  0.4072  0.4434  0.4010  0.4651  0.4940  0.4988  0.5060  0.4757  0.5349  0.4831  0.5338  0.5085  0.5207  0.5193  0.5545  0.5048  0.5375  0.5386  0.5362  0.5242  0.5266  0.5531  0.5700  0.5386  0.5672  0.5435  0.5278  0.5366  0.5787  0.5666  0.5707  0.5874  0.4988  0.5351  0.4627  0.5558  0.5485  0.5680  0.5267  0.5351  0.5401  0.5725  0.5752  0.5534  0.5610  0.5588  0.6173  0.5902  0.5862  0.5774  0.5665  0.6232  0.6232  0.6133  0.5887  0.6102  0.6446  0.6478  0.6542  0.6552  0.6527  0.6634  0.6392  0.8418  0.8447  0.8206  0.8519  0.8241  0.8272  0.8276  0.8594  0.8209  0.8500  0.8418  0.8285  0.8259  0.8105  0.8311  0.8177  0.8307  0.8241  0.8624  0.8413  0.8457  0.8179  0.8394  0.8369  0.8590  0.8311  0.8438  0.8355  0.8179  0.8364  0.8382  0.8435  0.8382  0.8302  0.8355  0.8364  0.8232  0.8438  0.8320  0.8254  0.8254  0.8182  0.8241  0.8568
PROA_BACSU  0.5290  0.5060  0.4928  0.4565  0.4647  0.5012  0.4976  0.4458  0.4072  0.0000  0.3759  0.3744  0.4771  0.4964  0.4940  0.4916  0.5000  0.5518  0.5362  0.5652  0.5109  0.5450  0.5459  0.5884  0.5483  0.5400  0.5700  0.5676  0.5604  0.5773  0.5845  0.5749  0.5845  0.5575  0.5507  0.5617  0.5805  0.5860  0.5884  0.5537  0.5825  0.5161  0.5303  0.4964  0.5461  0.5461  0.5607  0.5291  0.5375  0.5401  0.5773  0.5801  0.5815  0.5902  0.5882  0.6321  0.6098  0.6232  0.6216  0.6182  0.6182  0.6429  0.6429  0.6429  0.6199  0.6422  0.6453  0.6622  0.6527  0.6404  0.6829  0.6602  0.8472  0.8342  0.8153  0.8360  0.8399  0.8194  0.8355  0.8462  0.8342  0.8421  0.8814  0.8417  0.8391  0.8026  0.8338  0.7969  0.7943  0.8058  0.8386  0.8360  0.8245  0.8179  0.8212  0.8209  0.8486  0.8232  0.8307  0.8355  0.8232  0.8496  0.8382  0.8435  0.8302  0.8276  0.8225  0.8391  0.8470  0.8177  0.8163  0.8307  0.8254  0.8286  0.8215  0.8355
PROA_OCEIH  0.5483  0.4916  0.4928  0.4903  0.4891  0.4747  0.4830  0.4602  0.4434  0.3759  0.0000  0.4324  0.4723  0.4940  0.4892  0.4843  0.4951  0.5590  0.5121  0.5773  0.5547  0.5523  0.5652  0.6005  0.5797  0.5714  0.5773  0.5942  0.5797  0.5821  0.5918  0.5918  0.5990  0.5966  0.5483  0.5884  0.5829  0.6102  0.6102  0.5683  0.5850  0.5161  0.5351  0.5373  0.5583  0.5461  0.5728  0.5388  0.5593  0.5766  0.5676  0.6165  0.5912  0.5805  0.5784  0.6346  0.6073  0.6232  0.6143  0.6158  0.6478  0.6305  0.6281  0.6256  0.6368  0.6520  0.6453  0.6595  0.6700  0.6478  0.6659  0.6675  0.8525  0.8421  0.8338  0.8466  0.8451  0.8482  0.8462  0.8249  0.8422  0.8368  0.8983  0.8496  0.8496  0.8289  0.8285  0.8203  0.8125  0.7900  0.8413  0.8492  0.8537  0.8311  0.8031  0.8262  0.8564  0.8443  0.8438  0.8435  0.8470  0.8681  0.8541  0.8462  0.8249  0.8302  0.8616  0.8470  0.8549  0.8255  0.8084  0.8254  0.8492  0.8312  0.8425  0.8408
PROA_BACAN  0.5182  0.4855  0.4673  0.4310  0.4805  0.4710  0.4842  0.4638  0.4010  0.3744  0.4324  0.0000  0.4879  0.5072  0.5145  0.4903  0.4988  0.5266  0.5133  0.5569  0.5293  0.5317  0.5182  0.5510  0.5254  0.5461  0.5593  0.5593  0.5375  0.5448  0.5545  0.5424  0.5763  0.5564  0.5521  0.5461  0.5501  0.5777  0.5874  0.5477  0.5669  0.5323  0.5340  0.5169  0.5620  0.5328  0.5693  0.5474  0.5510  0.5390  0.5642  0.5912  0.6073  0.5770  0.5553  0.6064  0.5892  0.6049  0.6084  0.6099  0.6395  0.6321  0.6247  0.6444  0.5898  0.6585  0.6716  0.6801  0.6741  0.6741  0.6822  0.6618  0.8118  0.8496  0.8201  0.8488  0.8368  0.8268  0.8271  0.8378  0.8472  0.8602  0.8409  0.8492  0.8307  0.8206  0.8333  0.8146  0.8198  0.7895  0.8435  0.8249  0.8213  0.8386  0.8260  0.8150  0.8508  0.8175  0.8407  0.8404  0.8307  0.8492  0.8245  0.8351  0.8271  0.8191  0.8325  0.8333  0.8413  0.8120  0.8053  0.8435  0.8435  0.8125  0.8158  0.8617
PROA_STRMU  0.5338  0.4916  0.4903  0.4589  0.4915  0.4217  0.4393  0.4337  0.4651  0.4771  0.4723  0.4879  0.0000  0.2668  0.2812  0.2812  0.3559  0.5084  0.5362  0.5072  0.4854  0.4927  0.5217  0.5521  0.5386  0.5351  0.5507  0.5386  0.5386  0.5580  0.5386  0.5676  0.5797  0.5599  0.5338  0.5254  0.5341  0.5496  0.5521  0.5512  0.5680  0.5012  0.5448  0.4795  0.5097  0.5340  0.5388  0.5243  0.5230  0.5231  0.5459  0.5437  0.5340  0.5317  0.5319  0.5852  0.5756  0.5764  0.5749  0.5640  0.6281  0.6232  0.6404  0.6133  0.5908  0.6299  0.6281  0.6408  0.6256  0.6084  0.6488  0.6481  0.8209  0.8451  0.8289  0.8417  0.8141  0.8146  0.8360  0.8360  0.8373  0.8399  0.8596  0.8263  0.8421  0.8189  0.8342  0.8078  0.8130  0.8037  0.8232  0.8285  0.8276  0.8132  0.8243  0.8000  0.8490  0.8263  0.8286  0.8254  0.8237  0.8158  0.8519  0.8333  0.8360  0.8280  0.8307  0.8211  0.8500  0.8182  0.8089  0.8206  0.8522  0.8212  0.8455  0.8439
PROA_STRTR  0.5435  0.4892  0.5145  0.4783  0.4915  0.4096  0.4466  0.4482  0.4940  0.4964  0.4940  0.5072  0.2668  0.0000  0.2620  0.2716  0.3366  0.5084  0.5314  0.5169  0.5049  0.4927  0.5290  0.5569  0.5580  0.5278  0.5676  0.5459  0.5700  0.5797  0.5556  0.5845  0.6135  0.5892  0.5314  0.5617  0.5707  0.5496  0.5617  0.5512  0.5655  0.5112  0.5642  0.4819  0.5218  0.5340  0.5146  0.5267  0.5303  0.5304  0.5531  0.5801  0.5510  0.5585  0.5343  0.6000  0.5732  0.5985  0.5897  0.5837  0.6429  0.6379  0.6355  0.6355  0.6174  0.6324  0.6330  0.6488  0.6305  0.6207  0.6415  0.6383  0.8369  0.8189  0.8342  0.8496  0.8220  0.8355  0.8492  0.8333  0.8347  0.8425  0.8539  0.8158  0.8395  0.8268  0.8184  0.8156  0.8052  0.8063  0.8259  0.8285  0.8090  0.8237  0.8114  0.7947  0.8333  0.8237  0.8416  0.8333  0.8263  0.8421  0.8386  0.8307  0.8413  0.8307  0.8438  0.8237  0.8500  0.8312  0.8089  0.8338  0.8391  0.8316  0.8429  0.8519
PROA_STRP3  0.5604  0.5229  0.5362  0.5000  0.5353  0.4265  0.4442  0.4458  0.4988  0.4940  0.4892  0.5145  0.2812  0.2620  0.0000  0.2620  0.3632  0.5301  0.5580  0.5290  0.4976  0.4854  0.5338  0.5617  0.5580  0.5521  0.5676  0.5700  0.5580  0.5845  0.5700  0.5749  0.5870  0.5892  0.5314  0.5593  0.5561  0.5714  0.5738  0.5756  0.5607  0.5211  0.5714  0.4892  0.5170  0.5437  0.5243  0.5534  0.5351  0.5377  0.5507  0.5655  0.5607  0.5512  0.5441  0.5926  0.5927  0.6158  0.5921  0.5862  0.6330  0.6330  0.6379  0.6429  0.6295  0.6324  0.6355  0.6702  0.6478  0.6232  0.6512  0.6092  0.8235  0.8478  0.8237  0.8417  0.8272  0.8198  0.8439  0.8519  0.8373  0.8504  0.8539  0.8237  0.8184  0.8163  0.8447  0.8130  0.8260  0.8168  0.8285  0.8232  0.8170  0.8263  0.8269  0.8000  0.8359  0.8289  0.8312  0.8254  0.8237  0.8500  0.8492  0.8439  0.8492  0.8280  0.8516  0.8421  0.8421  0.8364  0.8325  0.8285  0.8522  0.8238  0.8377  0.8624
PROA_STRA3  0.5483  0.5157  0.5411  0.4879  0.5182  0.4289  0.4539  0.4458  0.5060  0.4916  0.4843  0.4903  0.2812  0.2716  0.2620  0.0000  0.3656  0.5084  0.5531  0.5411  0.4867  0.4891  0.5314  0.5690  0.5580  0.5448  0.5556  0.5652  0.5628  0.5749  0.5580  0.5845  0.5894  0.5892  0.5531  0.5593  0.5829  0.5690  0.5738  0.5366  0.5631  0.5285  0.5545  0.5012  0.5243  0.5388  0.5267  0.5388  0.5278  0.5353  0.5531  0.5680  0.5593  0.5439  0.5270  0.5827  0.5854  0.6158  0.5946  0.5936  0.6502  0.6379  0.6330  0.6355  0.6029  0.6152  0.6305  0.6568  0.6232  0.6232  0.6585  0.6262  0.8182  0.8189  0.8289  0.8417  0.8246  0.8172  0.8439  0.8228  0.8480  0.8320  0.8764  0.8263  0.8289  0.8268  0.8211  0.8052  0.8026  0.8089  0.8391  0.8206  0.8201  0.8342  0.8140  0.7867  0.8411  0.8237  0.8234  0.8201  0.8289  0.8474  0.8360  0.8360  0.8386  0.8333  0.8385  0.8316  0.8474  0.8260  0.8063  0.8338  0.8553  0.8187  0.8429  0.8466
PROA_LACLA  0.5109  0.4757  0.5073  0.4612  0.4730  0.4345  0.4548  0.4612  0.4757  0.5000  0.4951  0.4988  0.3559  0.3366  0.3632  0.3656  0.0000  0.5146  0.5231  0.5583  0.4988  0.4988  0.5316  0.5537  0.5631  0.5547  0.5583  0.5607  0.5583  0.5777  0.5777  0.5728  0.5947  0.5917  0.5218  0.5693  0.5735  0.5704  0.5728  0.5648  0.5561  0.5200  0.5537  0.5194  0.5364  0.5655  0.5558  0.5558  0.5485  0.5499  0.5752  0.6049  0.5485  0.5430  0.5405  0.5827  0.5868  0.6079  0.6015  0.6079  0.6228  0.6328  0.6427  0.6129  0.6049  0.6444  0.6452  0.6631  0.6452  0.6377  0.6536  0.6504  0.8257  0.8391  0.8439  0.8355  0.8000  0.8268  0.8165  0.8032  0.8204  0.8443  0.8371  0.8254  0.8413  0.8127  0.8307  0.8037  0.8037  0.8026  0.8329  0.8170  0.8027  0.8122  0.8260  0.7962  0.8534  0.8228  0.8172  0.8191  0.8095  0.8175  0.8324  0.8271  0.8324  0.8165  0.8246  0.8280  0.8439  0.8325  0.8105  0.8249  0.8408  0.8385  0.8132  0.8298
PROA_AQUAE  0.4903  0.4819  0.4953  0.4879  0.4623  0.4988  0.5413  0.5157  0.5349  0.5518  0.5590  0.5266  0.5084  0.5084  0.5301  0.5084  0.5146  0.0000  0.5362  0.5735  0.5316  0.5607  0.5192  0.5311  0.5312  0.5205  0.5310  0.5253  0.5590  0.5735  0.5663  0.5759  0.5735  0.5561  0.5349  0.5314  0.5280  0.5362  0.5652  0.5620  0.5303  0.5662  0.5899  0.5442  0.5516  0.5492  0.5516  0.5540  0.5526  0.5831  0.5513  0.5659  0.5885  0.5923  0.6000  0.6098  0.5780  0.6265  0.6274  0.6217  0.6564  0.6611  0.6564  0.6351  0.5581  0.6547  0.6578  0.6381  0.6482  0.6386  0.6351  0.6217  0.8219  0.8460  0.8308  0.8290  0.8351  0.8249  0.8208  0.8156  0.8259  0.8586  0.8361  0.8231  0.8154  0.8133  0.8226  0.8229  0.8308  0.7892  0.8154  0.8154  0.8187  0.8338  0.8127  0.8104  0.8645  0.8021  0.8510  0.8182  0.8380  0.8406  0.8130  0.8312  0.8182  0.8156  0.8350  0.8249  0.8308  0.8479  0.8098  0.8226  0.8438  0.8246  0.8329  0.8416
PROA_GLOVI  0.4552  0.4868  0.4868  0.4734  0.4528  0.4928  0.4818  0.5097  0.4831  0.5362  0.5121  0.5133  0.5362  0.5314  0.5580  0.5531  0.5231  0.5362  0.0000  0.5542  0.5207  0.5353  0.5301  0.5507  0.5349  0.5459  0.5566  0.5542  0.5325  0.5349  0.5494  0.5398  0.5277  0.5515  0.5398  0.5459  0.5426  0.5607  0.5569  0.5183  0.5714  0.4963  0.5505  0.4928  0.5693  0.5620  0.5645  0.5669  0.5714  0.5912  0.5831  0.5690  0.5707  0.5850  0.5746  0.6420  0.5829  0.5907  0.6015  0.6020  0.5980  0.5858  0.6103  0.6225  0.5990  0.6368  0.6496  0.6587  0.6569  0.6399  0.6482  0.6595  0.8306  0.8115  0.8110  0.8289  0.8225  0.8203  0.8206  0.8285  0.8143  0.8141  0.8011  0.8084  0.8110  0.8141  0.8163  0.8161  0.8083  0.7728  0.8237  0.8211  0.8307  0.8189  0.7912  0.8191  0.8390  0.8320  0.8472  0.7995  0.7979  0.8294  0.8232  0.8311  0.8232  0.8179  0.8364  0.7927  0.8268  0.8238  0.7859  0.8132  0.8342  0.8088  0.8120  0.8285
PROA_BIFLO  0.5424  0.5253  0.5190  0.5036  0.5085  0.5084  0.5401  0.5266  0.5338  0.5652  0.5773  0.5569  0.5072  0.5169  0.5290  0.5411  0.5583  0.5735  0.5542  0.0000  0.5133  0.5157  0.5344  0.5561  0.5418  0.5786  0.5741  0.5537  0.5687  0.5598  0.5825  0.5802  0.5839  0.5732  0.5660  0.5827  0.5908  0.5700  0.5735  0.5815  0.5745  0.5025  0.5519  0.4821  0.5324  0.5324  0.5348  0.5707  0.5976  0.5625  0.5529  0.5540  0.5766  0.5585  0.5755  0.6357  0.6302  0.6000  0.6223  0.6034  0.6235  0.6357  0.6595  0.6500  0.6277  0.6523  0.6602  0.6623  0.6627  0.6458  0.6667  0.6643  0.8395  0.8658  0.8261  0.8601  0.8430  0.8359  0.8699  0.8342  0.8372  0.8658  0.8564  0.8261  0.8312  0.8393  0.8261  0.8111  0.8035  0.8081  0.8385  0.8436  0.8351  0.8286  0.8204  0.8278  0.8392  0.8363  0.8647  0.8342  0.8015  0.8473  0.8469  0.8444  0.8367  0.8342  0.8442  0.8601  0.8440  0.8136  0.8434  0.8410  0.8308  0.8400  0.8325  0.8571
PROA_NEIMA  0.5293  0.5085  0.5158  0.5012  0.4717  0.4720  0.5196  0.5012  0.5085  0.5109  0.5547  0.5293  0.4854  0.5049  0.4976  0.4867  0.4988  0.5316  0.5207  0.5133  0.0000  0.2738  0.5278  0.5523  0.5206  0.5534  0.5569  0.5496  0.5545  0.5521  0.5545  0.5642  0.5569  0.5735  0.5375  0.5437  0.5526  0.5388  0.5521  0.5390  0.5547  0.5312  0.5599  0.4891  0.5450  0.5474  0.5377  0.5718  0.5521  0.5328  0.5642  0.5401  0.5485  0.5172  0.5468  0.6278  0.5512  0.6123  0.5837  0.5926  0.6000  0.6272  0.6346  0.6173  0.5961  0.6511  0.6543  0.6747  0.6593  0.6469  0.6528  0.6667  0.8418  0.8496  0.8122  0.8621  0.8425  0.8429  0.8590  0.8564  0.8342  0.8575  0.8475  0.8333  0.8333  0.8153  0.8333  0.8277  0.8120  0.8158  0.8435  0.8355  0.8511  0.8228  0.8130  0.8102  0.8613  0.8413  0.8016  0.8298  0.8179  0.8364  0.8431  0.8378  0.8351  0.8271  0.8560  0.8254  0.8386  0.8146  0.8158  0.8355  0.8333  0.8359  0.8211  0.8697
PROA_STRPN  0.5463  0.4842  0.5012  0.5036  0.4963  0.4696  0.4975  0.5109  0.5207  0.5450  0.5523  0.5317  0.4927  0.4927  0.4854  0.4891  0.4988  0.5607  0.5353  0.5157  0.2738  0.0000  0.5496  0.5572  0.5521  0.5607  0.5908  0.5424  0.5666  0.5642  0.5642  0.5811  0.5666  0.5809  0.5351  0.5607  0.5648  0.5752  0.5811  0.5463  0.5669  0.5212  0.5575  0.4891  0.5450  0.5450  0.5499  0.5864  0.5617  0.5328  0.5617  0.5693  0.5510  0.5319  0.5172  0.6179  0.5854  0.6173  0.5788  0.6049  0.6123  0.6272  0.6148  0.6148  0.6156  0.6437  0.6469  0.6694  0.6667  0.6370  0.6748  0.6740  0.8338  0.8602  0.8307  0.8462  0.8294  0.8429  0.8404  0.8404  0.8289  0.8681  0.8418  0.8280  0.8254  0.8285  0.8413  0.8120  0.8120  0.8184  0.8355  0.8223  0.8404  0.8280  0.8000  0.8102  0.8482  0.8466  0.8251  0.8218  0.8206  0.8443  0.8351  0.8378  0.8191  0.8112  0.8455  0.8228  0.8519  0.8172  0.8079  0.8302  0.8280  0.8177  0.8316  0.8617
PROA_PSEAE  0.5351  0.5157  0.5024  0.5133  0.5036  0.5036  0.5158  0.5145  0.5193  0.5459  0.5652  0.5182  0.5217  0.5290  0.5338  0.5314  0.5316  0.5192  0.5301  0.5344  0.5278  0.5496  0.0000  0.2196  0.2936  0.2952  0.2945  0.3675  0.4905  0.4713  0.4690  0.5048  0.4916  0.4634  0.4905  0.4964  0.5109  0.4903  0.5036  0.5207  0.5745  0.5000  0.5433  0.5060  0.5157  0.5254  0.5182  0.5375  0.5349  0.5303  0.5524  0.5359  0.5521  0.6014  0.5898  0.6346  0.5912  0.5316  0.5424  0.5196  0.5607  0.5680  0.5825  0.5898  0.5373  0.6005  0.6058  0.6296  0.6253  0.6083  0.6232  0.6355  0.7995  0.8338  0.8099  0.8303  0.8083  0.8346  0.8403  0.8298  0.8105  0.8208  0.8371  0.8125  0.8151  0.8130  0.7995  0.7841  0.7969  0.7876  0.8355  0.8172  0.8268  0.8177  0.7826  0.7968  0.8222  0.8177  0.8278  0.8037  0.8125  0.8255  0.8220  0.8272  0.8168  0.8089  0.8273  0.8073  0.8125  0.7918  0.7953  0.7990  0.8251  0.8077  0.8135  0.8325
PROA_PSEPK  0.5437  0.5386  0.5169  0.5303  0.5073  0.4976  0.5488  0.5206  0.5545  0.5884  0.6005  0.5510  0.5521  0.5569  0.5617  0.5690  0.5537  0.5311  0.5507  0.5561  0.5523  0.5572  0.2196  0.0000  0.3477  0.3589  0.3723  0.3693  0.5024  0.4832  0.4761  0.4976  0.5012  0.4755  0.5072  0.5036  0.5280  0.5073  0.5278  0.5379  0.5942  0.5383  0.5639  0.5507  0.5620  0.5523  0.5572  0.5645  0.5617  0.5499  0.5766  0.5553  0.5961  0.6005  0.5976  0.6452  0.5990  0.5725  0.5759  0.5439  0.5845  0.5942  0.6087  0.6184  0.5588  0.6265  0.6271  0.6543  0.6562  0.6344  0.6514  0.6659  0.8112  0.8460  0.8089  0.8163  0.8047  0.8416  0.8342  0.8289  0.8122  0.8303  0.8068  0.8063  0.7984  0.8068  0.8168  0.7928  0.8107  0.7943  0.8346  0.8005  0.8206  0.8168  0.7841  0.7878  0.8342  0.8141  0.8269  0.8053  0.8037  0.8194  0.8184  0.8368  0.8237  0.8158  0.8269  0.8141  0.8168  0.8031  0.7943  0.8031  0.8189  0.7990  0.8151  0.8289
PROA_CHRVO  0.5496  0.5325  0.5096  0.4940  0.4866  0.5036  0.5255  0.5217  0.5048  0.5483  0.5797  0.5254  0.5386  0.5580  0.5580  0.5580  0.5631  0.5312  0.5349  0.5418  0.5206  0.5521  0.2936  0.3477  0.0000  0.3038  0.3484  0.3541  0.4737  0.4809  0.4785  0.4833  0.4904  0.4854  0.4856  0.4772  0.4964  0.5169  0.5133  0.5182  0.5721  0.5000  0.5531  0.4964  0.5278  0.5400  0.5327  0.5617  0.5542  0.5424  0.5407  0.5288  0.5642  0.5942  0.5874  0.6247  0.5718  0.5512  0.5766  0.5833  0.5610  0.5854  0.6000  0.6293  0.5663  0.6131  0.6284  0.6516  0.6357  0.6210  0.6262  0.6458  0.8262  0.8407  0.7906  0.8163  0.8125  0.8286  0.8395  0.8237  0.8095  0.8277  0.8315  0.8063  0.8141  0.7937  0.8063  0.7571  0.7778  0.7917  0.8399  0.8031  0.8153  0.8063  0.7918  0.8037  0.8368  0.8010  0.8114  0.8053  0.7984  0.8063  0.8158  0.8316  0.8132  0.8000  0.8290  0.8037  0.7984  0.7700  0.7943  0.7848  0.8268  0.7990  0.8073  0.8263
PROA_NITEU  0.5388  0.5193  0.5181  0.5169  0.4902  0.5242  0.5415  0.5303  0.5375  0.5400  0.5714  0.5461  0.5351  0.5278  0.5521  0.5448  0.5547  0.5205  0.5459  0.5786  0.5534  0.5607  0.2952  0.3589  0.3038  0.0000  0.3420  0.3708  0.4893  0.4964  0.4846  0.4988  0.4833  0.4745  0.4751  0.5048  0.5000  0.4746  0.4758  0.5366  0.5711  0.5173  0.5755  0.5192  0.5121  0.5291  0.5170  0.5364  0.5338  0.5437  0.5537  0.5324  0.5850  0.6295  0.6131  0.6238  0.5902  0.5437  0.5835  0.5735  0.5874  0.5898  0.5995  0.6359  0.5870  0.6280  0.6295  0.6342  0.6368  0.6223  0.6506  0.6507  0.8155  0.8135  0.8083  0.8229  0.8067  0.8252  0.8407  0.8172  0.8163  0.8187  0.8034  0.8083  0.8187  0.8036  0.8057  0.7641  0.7872  0.7984  0.8312  0.8104  0.8120  0.8135  0.7939  0.7769  0.8303  0.7953  0.8179  0.7859  0.8161  0.8109  0.8198  0.8277  0.8172  0.8068  0.8175  0.7917  0.8161  0.7872  0.7881  0.7948  0.8182  0.7954  0.8346  0.8146
PROA_RALSO  0.5763  0.5325  0.5452  0.5398  0.5207  0.5229  0.5377  0.5217  0.5386  0.5700  0.5773  0.5593  0.5507  0.5676  0.5676  0.5556  0.5583  0.5310  0.5566  0.5741  0.5569  0.5908  0.2945  0.3723  0.3484  0.3420  0.0000  0.3699  0.4964  0.4869  0.4893  0.4893  0.5024  0.4818  0.5178  0.5324  0.5448  0.5411  0.5325  0.5401  0.5938  0.5343  0.5677  0.5310  0.5875  0.5899  0.5875  0.5827  0.5895  0.5817  0.5873  0.5355  0.5899  0.6268  0.6178  0.6553  0.6229  0.5793  0.5995  0.5922  0.6130  0.6346  0.6226  0.6466  0.5776  0.6256  0.6335  0.6464  0.6408  0.6359  0.6337  0.6388  0.8228  0.8256  0.8212  0.8273  0.8103  0.8286  0.8372  0.8320  0.8272  0.8154  0.8324  0.8187  0.8005  0.8114  0.8161  0.7883  0.7934  0.8082  0.8390  0.8208  0.8381  0.8446  0.8081  0.7943  0.8372  0.8316  0.8503  0.8010  0.8222  0.8247  0.8450  0.8320  0.8114  0.8088  0.8244  0.8217  0.8135  0.7857  0.8159  0.8078  0.8260  0.8051  0.8175  0.8295
PROA_BORBR  0.5496  0.5301  0.5253  0.5518  0.4964  0.5253  0.5231  0.5483  0.5362  0.5676  0.5942  0.5593  0.5386  0.5459  0.5700  0.5652  0.5607  0.5253  0.5542  0.5537  0.5496  0.5424  0.3675  0.3693  0.3541  0.3708  0.3699  0.0000  0.4916  0.4856  0.4916  0.5155  0.4880  0.4659  0.5107  0.4940  0.4939  0.4879  0.5253  0.5182  0.5793  0.5099  0.5639  0.5157  0.5545  0.5666  0.5448  0.5714  0.5639  0.5521  0.5537  0.5180  0.5777  0.6077  0.5961  0.6395  0.5937  0.5561  0.6083  0.5823  0.5951  0.6073  0.5976  0.6293  0.5894  0.6335  0.6317  0.6631  0.6317  0.6244  0.6247  0.6442  0.8204  0.8094  0.8115  0.8215  0.8047  0.8364  0.8237  0.8184  0.8148  0.8094  0.8362  0.8115  0.7984  0.8068  0.8089  0.7804  0.7907  0.7891  0.8294  0.7874  0.8179  0.7958  0.7789  0.7639  0.8161  0.8141  0.8114  0.7947  0.7853  0.8089  0.8132  0.8237  0.8079  0.7974  0.8290  0.7880  0.8194  0.7804  0.7760  0.8110  0.8110  0.7835  0.7969  0.8079
PROA_RHILO  0.5521  0.5518  0.5277  0.5542  0.4866  0.5373  0.5401  0.5604  0.5242  0.5604  0.5797  0.5375  0.5386  0.5700  0.5580  0.5628  0.5583  0.5590  0.5325  0.5687  0.5545  0.5666  0.4905  0.5024  0.4737  0.4893  0.4964  0.4916  0.0000  0.2352  0.2780  0.2635  0.3443  0.4310  0.5199  0.5252  0.5375  0.5725  0.5614  0.5645  0.5889  0.5446  0.5910  0.5024  0.5860  0.5932  0.5884  0.6053  0.5889  0.5860  0.5962  0.5738  0.5752  0.6150  0.6131  0.6420  0.5839  0.5908  0.6014  0.5990  0.5912  0.6199  0.6416  0.6174  0.6039  0.6310  0.6411  0.6571  0.6388  0.6411  0.6524  0.6525  0.8070  0.8389  0.8410  0.8303  0.8189  0.8295  0.8273  0.8222  0.8472  0.8389  0.8305  0.8385  0.8308  0.8389  0.8205  0.7848  0.8025  0.8061  0.8483  0.8329  0.8269  0.8333  0.8161  0.8052  0.8553  0.8308  0.8354  0.8041  0.8154  0.8128  0.8222  0.8376  0.8170  0.8015  0.8173  0.8201  0.8308  0.8000  0.8010  0.8406  0.8432  0.8081  0.8214  0.8247
PROA_BRUME  0.5569  0.5349  0.5494  0.5614  0.5012  0.5373  0.5547  0.5773  0.5266  0.5773  0.5821  0.5448  0.5580  0.5797  0.5845  0.5749  0.5777  0.5735  0.5349  0.5598  0.5521  0.5642  0.4713  0.4832  0.4809  0.4964  0.4869  0.4856  0.2352  0.0000  0.2518  0.2755  0.3729  0.4237  0.5095  0.5420  0.5545  0.5700  0.5735  0.5766  0.5793  0.5545  0.5745  0.5348  0.6029  0.5981  0.5956  0.6102  0.5904  0.6053  0.5766  0.5865  0.5607  0.5932  0.6180  0.6222  0.5912  0.5892  0.6000  0.5971  0.6064  0.5966  0.6308  0.6137  0.5870  0.6295  0.6399  0.6455  0.6399  0.6423  0.6425  0.6499  0.7989  0.8255  0.8355  0.8325  0.8286  0.8290  0.8373  0.8346  0.8443  0.8359  0.8418  0.8407  0.8198  0.8359  0.8094  0.8015  0.8119  0.8000  0.8351  0.8325  0.8132  0.8303  0.8128  0.8069  0.8605  0.8381  0.8351  0.8084  0.8120  0.8120  0.8294  0.8425  0.8215  0.8163  0.8346  0.8010  0.8225  0.8067  0.8156  0.8298  0.8298  0.8072  0.8182  0.8241
PROA_AGRT5  0.5642  0.5494  0.5325  0.5542  0.4915  0.5349  0.5450  0.5628  0.5531  0.5845  0.5918  0.5545  0.5386  0.5556  0.5700  0.5580  0.5777  0.5663  0.5494  0.5825  0.5545  0.5642  0.4690  0.4761  0.4785  0.4846  0.4893  0.4916  0.2780  0.2518  0.0000  0.2646  0.3548  0.4165  0.5346  0.5348  0.5593  0.5556  0.5735  0.5693  0.6130  0.5446  0.5721  0.5357  0.5932  0.6053  0.5884  0.5811  0.5913  0.5860  0.5677  0.5887  0.5971  0.5835  0.6010  0.6593  0.6010  0.6010  0.5947  0.6044  0.6029  0.5986  0.6394  0.6322  0.5797  0.6370  0.6541  0.6684  0.6518  0.6541  0.6627  0.6745  0.7882  0.8287  0.8359  0.8207  0.8266  0.8271  0.8278  0.8203  0.8342  0.8338  0.8136  0.8359  0.8258  0.8237  0.8106  0.7905  0.8005  0.8246  0.8430  0.8304  0.8270  0.8308  0.8139  0.8005  0.8425  0.8434  0.8429  0.8147  0.8333  0.8232  0.8278  0.8456  0.8228  0.8101  0.8175  0.8152  0.8333  0.8080  0.8120  0.8380  0.8354  0.8010  0.8317  0.8249
PROA_RHIME  0.5738  0.5614  0.5470  0.5566  0.5182  0.5494  0.5645  0.5556  0.5700  0.5749  0.5918  0.5424  0.5676  0.5845  0.5749  0.5845  0.5728  0.5759  0.5398  0.5802  0.5642  0.5811  0.5048  0.4976  0.4833  0.4988  0.4893  0.5155  0.2635  0.2755  0.2646  0.0000  0.3474  0.4189  0.5258  0.5492  0.5738  0.5604  0.5542  0.5742  0.5938  0.5545  0.5924  0.5204  0.6029  0.6126  0.6077  0.6150  0.6106  0.6053  0.6010  0.5900  0.5801  0.6126  0.6253  0.6321  0.5961  0.6193  0.6202  0.6277  0.6141  0.6145  0.6651  0.6458  0.5894  0.6587  0.6667  0.6823  0.6763  0.6667  0.6468  0.6493  0.7962  0.8436  0.8355  0.8093  0.8235  0.8316  0.8140  0.8088  0.8364  0.8256  0.8249  0.8303  0.8123  0.8282  0.8175  0.7970  0.8046  0.8005  0.8273  0.8299  0.8135  0.8380  0.8005  0.8021  0.8448  0.8278  0.8223  0.7933  0.8175  0.7995  0.8165  0.8346  0.8114  0.8010  0.8372  0.8093  0.8123  0.7893  0.8031  0.8299  0.8351  0.8127  0.8414  0.8269
PROA_BRAJA  0.5593  0.5687  0.5494  0.5759  0.5036  0.5590  0.5426  0.5749  0.5386  0.5845  0.5990  0.5763  0.5797  0.6135  0.5870  0.5894  0.5947  0.5735  0.5277  0.5839  0.5569  0.5666  0.4916  0.5012  0.4904  0.4833  0.5024  0.4880  0.3443  0.3729  0.3548  0.3474  0.0000  0.4044  0.5404  0.5612  0.5593  0.5531  0.5566  0.5839  0.6274  0.5272  0.6014  0.5238  0.5981  0.6126  0.6005  0.6320  0.6010  0.6102  0.5929  0.5900  0.5922  0.6223  0.6204  0.6667  0.6083  0.5976  0.6082  0.5898  0.6165  0.6193  0.6410  0.6289  0.5966  0.6479  0.6533  0.6650  0.6627  0.6486  0.6548  0.6525  0.7909  0.8359  0.8304  0.8228  0.8262  0.8417  0.8249  0.8299  0.8414  0.8283  0.8079  0.8253  0.8051  0.8308  0.8051  0.8000  0.8075  0.8065  0.8223  0.8198  0.8189  0.8228  0.8060  0.8000  0.8521  0.8329  0.8325  0.8015  0.8000  0.8127  0.8147  0.8299  0.8147  0.8122  0.8396  0.8071  0.8278  0.8100  0.7990  0.8223  0.8350  0.8080  0.8186  0.8372
PROA_CAUCR  0.5564  0.5623  0.5599  0.5477  0.5196  0.5477  0.5591  0.5648  0.5672  0.5575  0.5966  0.5564  0.5599  0.5892  0.5892  0.5892  0.5917  0.5561  0.5515  0.5732  0.5735  0.5809  0.4634  0.4755  0.4854  0.4745  0.4818  0.4659  0.4310  0.4237  0.4165  0.4189  0.4044  0.0000  0.5146  0.5134  0.5640  0.5195  0.5366  0.5452  0.6250  0.5327  0.6137  0.5401  0.5756  0.5902  0.5805  0.5805  0.5683  0.5819  0.5756  0.5343  0.5878  0.6198  0.6099  0.6352  0.6034  0.5536  0.5846  0.5761  0.5810  0.5910  0.6160  0.6209  0.5956  0.6444  0.6452  0.6676  0.6526  0.6352  0.5995  0.6308  0.8118  0.8311  0.8280  0.8223  0.8158  0.8364  0.8378  0.8351  0.8257  0.8153  0.8362  0.8175  0.8175  0.8206  0.8201  0.8120  0.8042  0.8053  0.8223  0.8170  0.7973  0.8333  0.8000  0.7962  0.8455  0.8228  0.8381  0.8059  0.8228  0.8175  0.8298  0.8351  0.8032  0.8085  0.8194  0.8302  0.8307  0.8042  0.8132  0.8064  0.8011  0.7969  0.8263  0.8271
PROA_RHOBA  0.5666  0.5157  0.5157  0.5036  0.4842  0.5036  0.4915  0.5483  0.5435  0.5507  0.5483  0.5521  0.5338  0.5314  0.5314  0.5531  0.5218  0.5349  0.5398  0.5660  0.5375  0.5351  0.4905  0.5072  0.4856  0.4751  0.5178  0.5107  0.5199  0.5095  0.5346  0.5258  0.5404  0.5146  0.0000  0.5492  0.5593  0.5338  0.5205  0.5645  0.5505  0.4975  0.5837  0.4833  0.5521  0.5448  0.5472  0.5811  0.5769  0.5714  0.5439  0.5508  0.5922  0.5787  0.5839  0.6099  0.6131  0.6010  0.5851  0.6068  0.6053  0.6130  0.6394  0.6611  0.6111  0.6511  0.6353  0.6403  0.6447  0.6353  0.6390  0.6509  0.8070  0.8237  0.8157  0.8207  0.8317  0.8145  0.8203  0.8203  0.8316  0.8312  0.8475  0.8207  0.8258  0.8161  0.8232  0.8304  0.8155  0.7995  0.8228  0.8304  0.8219  0.8232  0.8164  0.8159  0.8375  0.8258  0.8379  0.8147  0.8030  0.8460  0.8203  0.8203  0.8203  0.8051  0.8325  0.8329  0.8207  0.8404  0.7970  0.8203  0.8203  0.8184  0.8492  0.8299
PROA_MEIRU  0.5291  0.5411  0.5072  0.5362  0.5024  0.5266  0.5439  0.5569  0.5278  0.5617  0.5884  0.5461  0.5254  0.5617  0.5593  0.5593  0.5693  0.5314  0.5459  0.5827  0.5437  0.5607  0.4964  0.5036  0.4772  0.5048  0.5324  0.4940  0.5252  0.5420  0.5348  0.5492  0.5612  0.5134  0.5492  0.0000  0.3495  0.4939  0.5024  0.5390  0.6000  0.5347  0.5821  0.5290  0.5510  0.5607  0.5607  0.5704  0.5556  0.5655  0.5875  0.5422  0.5669  0.5947  0.5927  0.6361  0.5976  0.5539  0.5819  0.5690  0.5539  0.5564  0.5931  0.6029  0.5981  0.6195  0.6103  0.6480  0.6324  0.6225  0.6302  0.6159  0.8199  0.8451  0.8237  0.8364  0.8246  0.8460  0.8254  0.8307  0.8271  0.8294  0.8466  0.8237  0.8158  0.8189  0.8211  0.7896  0.8078  0.8037  0.8338  0.8179  0.8064  0.8211  0.8062  0.7893  0.8333  0.8368  0.8260  0.8122  0.8132  0.8184  0.8519  0.8307  0.8228  0.8148  0.8229  0.8211  0.8263  0.8156  0.7958  0.8285  0.8232  0.7902  0.8403  0.8439
PROA_THET2  0.5403  0.5377  0.5304  0.5280  0.5184  0.5207  0.5627  0.5610  0.5366  0.5805  0.5829  0.5501  0.5341  0.5707  0.5561  0.5829  0.5735  0.5280  0.5426  0.5908  0.5526  0.5648  0.5109  0.5280  0.4964  0.5000  0.5448  0.4939  0.5375  0.5545  0.5593  0.5738  0.5593  0.5640  0.5593  0.3495  0.0000  0.5000  0.5280  0.5504  0.5693  0.5450  0.5966  0.5377  0.5403  0.5623  0.5672  0.5892  0.5864  0.6015  0.5763  0.5499  0.5539  0.6127  0.5911  0.6209  0.5823  0.5421  0.5827  0.5583  0.5520  0.5545  0.5792  0.5842  0.6024  0.6108  0.6114  0.6307  0.6460  0.6287  0.6005  0.5976  0.8324  0.8276  0.8138  0.8213  0.8148  0.8377  0.8209  0.8289  0.8065  0.8196  0.8239  0.8165  0.7979  0.8117  0.8218  0.7900  0.8084  0.7910  0.8453  0.8187  0.8231  0.7979  0.8172  0.7925  0.8237  0.8191  0.8268  0.8182  0.8032  0.8218  0.8262  0.8342  0.8342  0.8102  0.8211  0.7899  0.8138  0.8136  0.7778  0.8107  0.8160  0.7932  0.8069  0.8556
PROA_XANAC  0.5534  0.5327  0.5521  0.5206  0.5134  0.5400  0.5317  0.5617  0.5787  0.5860  0.6102  0.5777  0.5496  0.5496  0.5714  0.5690  0.5704  0.5362  0.5607  0.5700  0.5388  0.5752  0.4903  0.5073  0.5169  0.4746  0.5411  0.4879  0.5725  0.5700  0.5556  0.5604  0.5531  0.5195  0.5338  0.4939  0.5000  0.0000  0.2512  0.5474  0.5631  0.5498  0.5985  0.5133  0.5496  0.5593  0.5642  0.5690  0.5556  0.5752  0.5531  0.5170  0.5704  0.6137  0.6152  0.6222  0.5756  0.5481  0.5640  0.5827  0.5383  0.5457  0.5975  0.6123  0.6019  0.6314  0.6346  0.6640  0.6420  0.6370  0.6308  0.6423  0.8123  0.8417  0.8254  0.8515  0.8289  0.8346  0.8378  0.8378  0.8150  0.8443  0.8362  0.8148  0.8228  0.8232  0.8201  0.8198  0.8094  0.8158  0.8329  0.8329  0.8187  0.8280  0.8234  0.7936  0.8482  0.8201  0.8251  0.8112  0.8228  0.8280  0.8378  0.8351  0.8324  0.8138  0.8403  0.8254  0.8333  0.8225  0.8132  0.8196  0.8382  0.8203  0.8553  0.8378
PROA_XYLFA  0.5534  0.5545  0.5666  0.5400  0.4988  0.5593  0.5244  0.5666  0.5666  0.5884  0.6102  0.5874  0.5521  0.5617  0.5738  0.5738  0.5728  0.5652  0.5569  0.5735  0.5521  0.5811  0.5036  0.5278  0.5133  0.4758  0.5325  0.5253  0.5614  0.5735  0.5735  0.5542  0.5566  0.5366  0.5205  0.5024  0.5280  0.2512  0.0000  0.5693  0.5690  0.5199  0.5888  0.5230  0.5593  0.5448  0.5617  0.5738  0.5711  0.5884  0.5735  0.5303  0.5728  0.6049  0.6201  0.6395  0.5766  0.5320  0.5676  0.5862  0.5443  0.5640  0.6059  0.6305  0.6199  0.6029  0.6059  0.6166  0.6133  0.6182  0.6073  0.6311  0.8150  0.8391  0.8254  0.8515  0.8263  0.8399  0.8457  0.8245  0.8235  0.8417  0.8418  0.8122  0.8228  0.8232  0.8228  0.8198  0.8251  0.8289  0.8276  0.8249  0.8133  0.8413  0.8208  0.8070  0.8482  0.8280  0.8303  0.8112  0.8228  0.8228  0.8457  0.8218  0.8271  0.8165  0.8298  0.8175  0.8280  0.8512  0.8158  0.8117  0.8249  0.8281  0.8526  0.8351
PROA_WOLSU  0.5403  0.5463  0.5439  0.5098  0.4828  0.5341  0.5504  0.5683  0.5707  0.5537  0.5683  0.5477  0.5512  0.5512  0.5756  0.5366  0.5648  0.5620  0.5183  0.5815  0.5390  0.5463  0.5207  0.5379  0.5182  0.5366  0.5401  0.5182  0.5645  0.5766  0.5693  0.5742  0.5839  0.5452  0.5645  0.5390  0.5504  0.5474  0.5693  0.0000  0.5746  0.5625  0.5809  0.5829  0.5537  0.5732  0.5732  0.5512  0.5669  0.5892  0.5547  0.5819  0.5854  0.5591  0.5531  0.5707  0.4657  0.5633  0.6064  0.5931  0.5757  0.5906  0.5980  0.6179  0.5966  0.6123  0.5931  0.6351  0.6203  0.6179  0.6314  0.6235  0.8194  0.8302  0.8298  0.8293  0.8232  0.8470  0.8369  0.8369  0.8518  0.8276  0.8636  0.8324  0.8404  0.8223  0.8191  0.7927  0.7848  0.8122  0.8347  0.8267  0.8257  0.8112  0.8016  0.8118  0.8342  0.8245  0.8058  0.8182  0.8249  0.8117  0.8182  0.8209  0.8021  0.7968  0.8289  0.8298  0.8298  0.8058  0.7937  0.8187  0.8080  0.7984  0.8175  0.8422
PROA_LEPIN  0.5961  0.5642  0.5569  0.5642  0.5575  0.5642  0.5844  0.5801  0.5874  0.5825  0.5850  0.5669  0.5680  0.5655  0.5607  0.5631  0.5561  0.5303  0.5714  0.5745  0.5547  0.5669  0.5745  0.5942  0.5721  0.5711  0.5938  0.5793  0.5889  0.5793  0.6130  0.5938  0.6274  0.6250  0.5505  0.6000  0.5693  0.5631  0.5690  0.5746  0.0000  0.5721  0.6117  0.5496  0.5669  0.5693  0.5766  0.6180  0.6005  0.5815  0.5889  0.5749  0.5829  0.5961  0.6112  0.6203  0.5917  0.6143  0.6201  0.6198  0.6339  0.6044  0.6118  0.6388  0.6359  0.6626  0.6634  0.6551  0.6560  0.6462  0.6317  0.6247  0.8329  0.8079  0.8127  0.8148  0.8110  0.8298  0.8355  0.8249  0.8267  0.8026  0.8571  0.8153  0.8021  0.8026  0.8153  0.8151  0.8203  0.7900  0.8148  0.8016  0.8032  0.8311  0.8187  0.7888  0.8251  0.8100  0.8203  0.8090  0.8206  0.8391  0.8488  0.8462  0.8541  0.8196  0.8538  0.8021  0.8259  0.8255  0.7927  0.8095  0.8122  0.8208  0.8373  0.8223
PROA_MYCLE  0.5473  0.5272  0.5430  0.5062  0.5150  0.5099  0.4875  0.5161  0.4988  0.5161  0.5161  0.5323  0.5012  0.5112  0.5211  0.5285  0.5200  0.5662  0.4963  0.5025  0.5312  0.5212  0.5000  0.5383  0.5000  0.5173  0.5343  0.5099  0.5446  0.5545  0.5446  0.5545  0.5272  0.5327  0.4975  0.5347  0.5450  0.5498  0.5199  0.5625  0.5721  0.0000  0.3897  0.3946  0.5383  0.5481  0.5407  0.5728  0.5665  0.5707  0.5392  0.5123  0.5347  0.5693  0.5697  0.6599  0.6115  0.5753  0.6256  0.5990  0.5802  0.6123  0.6370  0.6765  0.6429  0.6366  0.6391  0.6438  0.6541  0.6441  0.6334  0.6377  0.8135  0.8150  0.8216  0.8369  0.8148  0.7974  0.8177  0.8338  0.8242  0.8257  0.8443  0.8135  0.8108  0.8140  0.8297  0.8005  0.8085  0.7807  0.8266  0.8049  0.8243  0.7946  0.7658  0.8038  0.8285  0.8027  0.8302  0.7802  0.7872  0.8298  0.7989  0.8123  0.8043  0.8070  0.8127  0.7978  0.8324  0.8218  0.7888  0.8022  0.8374  0.8042  0.8257  0.8123
