    12
P1_2ltn     0.0000  0.1767  0.2211  0.2073  0.6706  0.6810  0.6923  0.7311  0.5995  0.6824  0.6755  0.6900
P1_1len     0.1767  0.0000  0.2359  0.2203  0.6652  0.6858  0.6945  0.7337  0.6048  0.6936  0.6860  0.6888
P1_1lgc     0.2211  0.2359  0.0000  0.1041  0.6767  0.6822  0.7084  0.7360  0.6112  0.6975  0.6932  0.6804
P1_1loe     0.2073  0.2203  0.1041  0.0000  0.6695  0.6889  0.7131  0.7373  0.6100  0.6920  0.6820  0.6874
P1_1lte     0.6706  0.6652  0.6767  0.6695  0.0000  0.7084  0.7186  0.7398  0.6029  0.5325  0.6964  0.7073
P1_2pela    0.6810  0.6858  0.6822  0.6889  0.7084  0.0000  0.6961  0.7230  0.6832  0.6850  0.7514  0.7580
P1_5cna     0.6923  0.6945  0.7084  0.7131  0.7186  0.6961  0.0000  0.7207  0.6707  0.7140  0.7447  0.7490
P1_1lec     0.7311  0.7337  0.7360  0.7373  0.7398  0.7230  0.7207  0.0000  0.6997  0.7269  0.7517  0.7554
P1_1sbf     0.5995  0.6048  0.6112  0.6100  0.6029  0.6832  0.6707  0.6997  0.0000  0.6312  0.6704  0.6127
P1_1wbla    0.6824  0.6936  0.6975  0.6920  0.5325  0.6850  0.7140  0.7269  0.6312  0.0000  0.7236  0.7234
P1_1avba    0.6755  0.6860  0.6932  0.6820  0.6964  0.7514  0.7447  0.7517  0.6704  0.7236  0.0000  0.6863
P1_1lu1     0.6900  0.6888  0.6804  0.6874  0.7073  0.7580  0.7490  0.7554  0.6127  0.7234  0.6863  0.0000
